99
109
1126
1234
1235
1406
1467
1493
1691
2238
2449
2675
2913
3830
4648
4717
4805
4866
5561
7209
7269
7760
8099
8116
9083
9728
9773
9834
10248
10351
10923
11061
11129
11160
11280
12716
13220
13399
14052
15008
15223
15604
16066
16123
16164
16504
16557
16603
16669
16724
17094
17332
17417
18126
19003
19209
20163
20470
20587
22464
22513
22602
22762
22996
23726
24239
24504
24561
24613
25040
25187
26435
26524
26581
26765
27154
27277
27367
28001
29195
29360
29517
30011
30085
30177
30357
30551
30644
30961
30990
31257
31441
31551
31572
32001
32299
32324
32460
32598
32738
