100
31847
31533
30911
31501
29928
28239
30478
27277
25984
28448
29594
26157
26033
22894
23106
23042
24492
24044
25234
27078
12449
27918
25912
23647
22144
22471
25518
15212
22589
6167
22091
12435
19737
5047
21089
18321
22678
13227
11880
9701
23247
4200
11159
14361
24780
25323
11886
19150
15456
20149
10916
13395
415
5025
1312
5651
14978
19526
20825
5937
4749
8847
16517
1210
9977
5849
102
2092
3465
3440
3953
8700
17929
2464
13543
2671
3102
2862
8405
2368
2510
7000
19837
2581
3223
4744
10797
615
1265
7005
16724
6395
19805
2978
10211
1597
14307
9938
9213
8022
