300
-1
18679
17081
31470
6223
2781
15630
2845
11392
14676
17618
15769
11762
1929
2763
24867
19764
19814
2704
14600
24110
30144
4075
31989
10407
7378
11138
2829
8714
29418
23222
57
29801
14178
26316
10943
30402
24530
16202
2839
31361
16260
21412
22266
4679
17192
12312
12987
13802
5321
25047
5338
26557
15360
26213
2007
16145
3688
10818
15940
31739
1105
23242
11550
2136
17849
3930
8285
2575
888
3508
32202
27286
28858
11685
10769
30648
28850
8165
17431
405
19597
7230
10893
6634
1445
15088
32710
22674
6136
32085
8133
18765
16600
18881
15515
26305
7652
24236
5360
18110
14390
275
30943
23494
20446
27163
4359
28621
31631
14328
7134
15421
28825
26125
5449
17213
1815
4180
31850
20019
20074
1537
11193
13703
17894
28514
30551
21931
3530
2826
1439
21848
9334
17966
5629
8474
984
13391
10755
16398
13096
10777
17593
26090
8405
32652
13365
26175
22719
15705
6508
27899
27302
14735
8776
8242
5346
26486
10747
3870
1877
24251
13202
4708
21151
24014
29389
408
22416
19337
22318
25092
19171
31762
19792
29349
8489
15618
10874
14711
30467
27847
30324
30195
18836
8519
1945
7381
4918
8645
9518
16674
8300
14345
9202
3690
12569
7355
12534
14410
14831
785
16047
822
23081
1962
18506
19061
22909
1721
24383
10093
16972
7525
14121
7713
27677
23152
9173
29432
2633
25111
15769
3520
4855
2362
8167
3570
4683
11197
30241
29752
15835
16942
19119
1324
23651
31400
19536
18787
21945
22775
32173
20138
32515
8700
820
3727
30503
5715
803
7716
10115
16436
19427
2815
15583
22679
13464
2437
11423
1948
27638
22633
6717
1065
10582
32111
12535
22229
29705
16246
17861
17413
29932
437
21902
8532
1596
25669
13211
6713
30124
19935
31820
10212
11445
17128
8202
16488
13102
11690
6780
287
16412
10750
22602
19659
13702
