100
18558
12606
25856
617
14358
1413
18756
21397
26339
15720
21241
10133
1991
13141
22957
847
10588
9098
12399
5665
986
21104
729
13010
24124
27947
845
21705
20126
22639
20094
1405
23018
24981
10290
13869
14003
1518
30023
25041
14177
17495
5876
2896
8079
11533
2898
27635
26801
9155
30491
26138
14842
2034
31921
4142
6013
14193
1122
27606
3218
8005
23018
7534
21883
20154
17209
14261
19527
16563
29815
28613
7415
20286
1350
19785
1248
1387
19271
10986
8528
17247
15839
6922
4468
26788
18235
1205
28537
30915
9873
3284
25842
28181
18345
8100
24186
11990
13213
11879
